62
7 48
20 79 58 47 88 7 94 
3 81
84 89 68 
4 44
17 27 43 32 
5 14
12 99 27 62 54 
8 39
88 29 84 37 49 64 95 97 
6 55
43 26 36 27 67 56 
3 11
73 91 6 
8 14
21 18 13 0 32 68 16 72 
10 46
8 45 47 24 93 96 29 0 40 55 
8 67
74 93 31 38 18 22 44 76 
8 17
94 2 17 79 70 34 3 30 
4 11
76 31 36 21 
10 65
21 68 72 9 87 98 54 18 36 73 
2 33
49 29 
2 96
31 68 
7 53
54 30 83 38 93 11 69 
11 32
49 46 53 17 70 63 57 21 17 75 9 
4 68
42 92 97 93 
2 28
13 67 
5 67
97 16 57 90 28 
8 72
60 76 18 66 45 41 81 2 
4 50
30 71 93 98 
6 85
95 59 77 75 24 44 
10 43
41 76 0 31 4 78 3 17 54 74 
5 52
67 16 54 29 66 
6 52
59 34 18 96 81 29 
5 56
53 17 16 96 58 
5 96
42 49 75 97 18 
3 23
53 33 90 
11 40
71 36 76 24 47 11 42 44 44 72 69 
3 77
87 69 74 
9 14
22 91 16 49 41 34 83 64 40 
10 7
9 8 78 97 37 54 45 0 49 41 
6 21
10 97 98 49 67 24 
9 33
99 90 49 48 31 36 31 48 76 
2 55
37 60 
7 35
97 40 32 97 41 73 94 
6 83
91 64 85 10 89 32 
6 88
74 45 88 6 81 20 
8 9
72 61 47 32 98 34 82 90 
8 31
31 39 25 45 74 69 10 59 
11 51
43 75 39 18 21 79 76 54 99 82 64 
5 95
63 8 93 97 90 
8 63
21 67 54 99 65 28 68 75 
2 99
26 83 
7 17
1 96 96 29 2 48 11 
10 71
6 81 79 52 30 21 88 45 95 7 
11 94
72 80 14 47 20 13 25 3 40 94 57 
8 91
86 91 91 50 9 62 8 43 
6 60
73 67 0 19 62 8 
10 8
80 98 74 80 70 40 57 74 80 52 
5 69
95 21 60 86 23 
11 0
32 12 46 44 38 14 45 57 76 5 27 
7 37
78 11 69 48 51 27 22 
4 79
57 1 74 79 
5 12
2 34 12 86 47 
11 31
37 73 28 94 1 85 73 38 22 51 50 
4 0
1 71 74 33 
2 32
86 76 
5 99
88 17 34 0 4 
5 11
87 70 36 67 16 
10 52
89 76 26 41 26 70 41 80 41 15 
