23
59 808
19 11 45 22 78 26 79 69 6 31 42 34 41 44 58 64 19 96 29 58 88 64 70 11 29 67 55 97 42 12 57 61 75 3 35 5 81 14 26 87 97 69 22 39 65 80 3 37 29 84 47 17 48 17 80 78 37 35 27 
81 148
85 92 75 40 27 81 21 93 7 9 90 28 31 81 94 63 36 31 92 21 30 61 69 47 42 99 84 77 27 15 77 64 7 53 4 86 86 25 31 93 34 22 74 17 3 68 81 40 51 73 61 33 35 82 80 77 82 17 6 61 32 84 25 92 89 81 30 75 6 62 68 93 84 42 62 39 62 43 79 65 69 
94 198
56 75 31 85 9 48 91 70 32 27 47 24 16 28 7 91 34 69 12 79 53 6 42 44 69 37 24 86 58 68 37 14 43 68 51 4 68 95 74 0 22 73 77 39 1 84 82 88 53 94 67 58 1 61 2 22 51 78 8 9 99 45 76 42 65 27 47 33 74 73 86 97 47 63 88 0 99 70 88 52 65 8 62 18 21 16 40 72 47 0 34 46 46 10 
42 663
89 87 97 64 13 83 13 12 98 1 12 97 23 53 1 88 13 15 58 86 31 98 59 30 99 93 76 97 55 17 60 44 56 9 60 69 44 73 33 42 74 98 
93 450
51 44 38 16 59 49 2 43 47 13 73 98 58 50 47 13 67 8 10 75 69 22 97 14 96 30 8 22 28 0 72 31 44 63 47 56 12 2 99 11 15 72 62 74 22 9 39 41 17 1 17 39 24 14 53 20 96 13 94 77 13 67 8 10 82 8 18 94 62 17 57 77 89 19 3 64 29 95 57 98 96 26 37 20 92 42 92 89 56 87 66 21 6 
28 931
88 86 49 34 48 18 91 78 60 11 33 24 92 28 33 90 77 60 80 49 4 22 94 93 78 33 11 0 
41 890
83 27 76 85 13 77 3 4 55 63 67 40 39 59 21 25 2 98 85 34 99 89 56 93 35 87 26 98 87 65 88 22 44 17 7 57 94 11 14 1 26 
35 41
18 45 62 43 47 60 80 81 12 21 89 5 8 76 84 7 63 1 95 86 98 64 45 7 58 8 21 59 35 55 1 5 0 15 48 
101 176
80 32 40 1 21 45 10 98 81 17 13 83 64 51 81 81 97 88 39 5 62 51 92 17 4 97 69 19 97 20 47 77 52 87 79 25 85 41 75 66 10 41 49 26 92 82 7 41 71 99 99 33 50 43 2 54 93 23 25 90 43 73 20 47 60 51 24 97 92 0 64 54 41 65 80 85 48 40 79 71 39 30 4 41 25 58 47 18 81 72 61 24 45 81 23 58 32 47 55 76 47 
73 830
40 89 62 78 37 2 9 8 93 91 64 34 16 22 81 35 3 6 96 79 51 29 2 61 61 1 69 37 1 92 67 93 81 29 23 70 84 32 30 77 75 94 12 92 68 45 79 23 51 27 2 55 56 56 68 17 58 37 54 11 30 73 4 63 54 28 34 38 12 64 16 88 59 
82 680
79 77 59 3 29 86 57 36 94 14 4 11 24 94 17 35 24 90 91 87 96 19 21 35 32 38 3 20 49 83 52 28 12 63 31 93 1 89 29 95 55 86 58 31 80 75 18 4 17 9 43 13 81 17 48 65 55 3 37 4 38 89 32 51 4 16 44 5 57 26 0 12 12 10 95 92 85 13 48 54 74 43 
69 507
60 68 72 67 71 9 71 10 50 56 61 54 24 57 59 81 83 11 45 95 73 40 39 58 5 39 12 31 83 32 39 43 0 63 63 23 73 86 33 75 42 46 30 18 56 41 99 39 5 96 87 78 36 26 89 93 66 53 25 1 85 16 96 37 79 59 61 4 46 
48 380
40 45 62 59 1 55 10 40 12 7 79 43 43 58 32 89 76 85 66 77 71 34 73 60 13 33 21 70 31 68 2 71 13 64 30 66 71 41 58 84 48 38 27 43 96 11 84 24 
98 350
1 19 84 26 80 50 11 53 20 42 21 74 14 86 90 96 4 61 89 63 97 89 1 24 33 49 35 69 25 84 20 26 55 56 4 87 6 16 41 78 58 14 4 24 53 94 21 57 56 10 20 53 0 73 30 85 74 17 54 99 53 26 77 9 83 82 48 41 98 89 72 8 56 76 33 9 71 6 18 79 68 39 84 20 64 14 57 39 32 12 90 37 90 68 98 25 2 47 
21 900
88 91 60 44 19 45 5 42 51 24 73 72 15 58 92 31 72 50 70 56 14 
15 146
56 81 44 82 83 91 1 35 80 44 47 24 63 93 82 
60 396
6 31 68 73 89 13 4 14 15 27 22 29 40 68 85 21 13 19 56 4 20 91 84 64 90 61 80 83 43 38 80 1 21 0 74 63 13 30 77 28 57 51 9 49 20 47 22 33 66 78 89 87 21 26 3 12 87 83 95 82 
75 527
35 95 28 61 58 41 91 87 22 1 38 31 50 10 78 73 43 45 51 85 84 25 11 87 37 50 23 84 84 96 64 19 43 92 80 53 85 23 92 59 24 31 91 27 93 21 0 37 18 3 74 2 80 85 42 17 87 65 54 71 13 70 42 9 14 74 62 99 97 7 11 74 90 2 1 
85 175
1 72 94 56 46 48 37 31 90 6 70 7 12 41 21 82 35 82 96 9 96 48 7 3 59 81 93 13 82 77 88 35 49 82 43 96 83 80 79 73 39 50 81 51 43 54 86 79 36 82 88 32 30 47 36 41 28 81 54 62 58 95 49 60 29 93 56 12 25 87 86 64 89 19 68 85 25 54 16 61 36 4 45 19 4 
35 812
32 15 19 47 73 14 96 85 43 41 93 8 67 81 46 83 22 65 51 7 90 57 23 3 46 80 48 65 84 34 29 68 49 48 67 
76 162
16 60 58 57 53 66 76 86 12 12 9 29 63 68 71 21 92 74 19 24 74 84 8 8 65 28 9 14 96 84 28 12 96 86 21 49 4 98 88 16 10 97 97 25 65 68 98 9 42 17 85 69 53 93 29 71 74 39 85 70 75 65 34 71 4 55 72 8 5 60 77 67 9 74 93 75 
45 643
36 37 13 22 6 18 67 36 89 41 27 74 63 2 40 49 73 44 5 45 4 10 58 81 30 67 56 23 94 51 18 31 88 31 5 95 50 24 83 39 18 10 66 33 64 
60 483
89 54 88 86 58 50 44 92 80 12 0 55 58 51 26 41 39 9 46 86 59 23 69 51 41 31 69 74 47 27 9 36 33 49 23 43 52 19 35 84 83 35 40 42 86 18 83 78 27 30 64 39 5 34 90 46 17 11 72 65 
