417
6 222
49 88 70 20 99 76 
4 55
73 50 5 2 
0 492

0 889

3 444
77 55 36 
1 131
14 
1 328
60 
9 802
29 36 13 63 91 39 18 94 72 
6 680
1 10 78 6 42 75 
1 966
46 
4 4
43 28 82 65 
0 358

5 725
82 32 75 24 10 
3 757
74 49 98 
2 579
62 71 
9 925
59 68 15 93 6 61 27 22 25 
8 861
82 7 66 92 59 1 73 31 
9 590
7 11 96 42 35 92 53 79 0 
0 600

8 527
61 68 24 88 65 83 64 45 
8 955
52 57 80 69 42 94 86 44 
9 118
7 29 23 62 29 35 90 47 49 
0 406

4 210
86 37 64 86 
8 710
10 63 80 62 30 29 1 92 
4 442
13 34 49 3 
9 140
90 93 17 89 84 82 21 8 65 
2 401
73 68 
6 836
8 76 78 5 52 98 
7 105
64 45 53 68 18 32 49 
8 697
99 81 70 45 96 23 30 43 
7 977
54 31 89 97 85 25 99 
8 829
79 79 82 98 25 20 89 61 
8 484
3 90 57 94 69 56 69 10 
6 565
57 12 67 72 19 62 
9 561
17 99 97 74 39 11 99 4 36 
6 668
64 25 92 48 50 4 
4 518
89 10 98 22 
0 287

8 336
73 87 67 85 0 34 25 53 
6 771
38 72 47 12 35 89 
4 281
28 35 45 51 
2 166
34 27 
2 858
76 31 
8 891
55 88 96 25 74 13 16 12 
6 651
83 90 54 30 20 68 
0 147

4 782
19 98 58 75 
9 553
49 24 41 73 26 88 7 21 86 
0 694

5 876
56 66 32 82 74 
0 818

3 204
62 23 13 
4 848
36 38 47 64 
1 649
23 
1 856
82 
5 1
87 84 7 5 4 
0 515

5 42
47 74 92 99 99 
3 308
50 58 49 
7 414
47 40 80 58 30 23 5 
9 202
51 65 65 82 80 23 78 25 3 
5 80
3 44 62 53 41 
6 48
44 88 97 34 71 30 
7 408
38 22 60 45 76 37 42 
6 773
85 25 68 44 61 47 
6 587
53 98 72 82 51 67 
5 924
62 28 95 4 18 
8 48
94 68 98 57 84 68 96 77 
5 708
88 96 26 94 27 
1 811
77 
2 536
47 72 
6 224
55 84 86 55 0 43 
0 216

7 588
38 70 45 33 43 11 52 
3 279
62 75 69 
6 882
7 36 63 32 67 77 
7 701
4 70 16 6 4 30 27 
2 544
79 10 
8 292
39 4 53 32 99 77 99 28 
7 410
28 3 96 0 45 48 32 
5 152
84 49 60 11 84 
9 228
16 98 16 43 26 9 79 11 98 
8 854
22 35 52 59 82 55 72 44 
7 827
22 99 64 13 11 24 59 
0 67

9 541
83 44 24 1 78 75 47 80 57 
5 707
22 6 32 2 54 
5 590
69 83 34 82 34 
3 71
44 47 22 
1 734
57 
1 854
47 
7 345
74 59 30 8 61 10 27 
6 284
16 10 51 19 40 13 
2 726
72 87 
3 4
47 15 87 
3 860
97 44 45 
8 481
1 95 85 76 41 63 12 68 
4 108
3 67 7 93 
5 55
30 98 31 73 70 
8 361
63 28 62 10 10 77 28 50 
0 263

1 636
94 
9 503
53 57 52 92 21 86 79 19 14 
0 593

4 520
29 74 90 66 
7 847
2 3 56 74 95 15 84 
2 968
52 91 
2 537
80 3 
2 878
88 42 
3 212
78 62 13 
0 790

4 631
59 50 28 82 
8 988
24 64 53 32 47 1 91 30 
1 642
9 
3 388
91 87 77 
5 196
46 87 84 66 37 
6 659
75 3 71 45 36 2 
2 729
53 67 
8 776
90 79 94 75 76 86 69 78 
5 170
86 66 24 7 60 
3 857
52 39 22 
5 328
36 54 40 34 64 
3 102
89 4 8 
4 92
87 14 83 18 
8 649
86 85 71 22 5 8 25 69 
6 41
74 99 76 27 83 84 
2 565
0 91 
4 787
15 22 83 62 
6 728
37 75 29 84 91 58 
2 27
69 45 
5 693
68 50 7 40 14 
8 32
42 75 23 15 56 54 53 59 
4 195
85 30 33 93 
4 273
15 74 19 12 
6 366
33 22 51 94 32 41 
0 434

7 704
84 33 3 74 70 19 27 
9 533
96 33 24 66 91 78 59 18 1 
8 563
98 91 78 45 84 36 39 72 
4 216
48 99 6 38 
1 300
94 
3 972
71 13 6 
9 267
30 15 33 24 82 2 67 86 79 
7 498
81 11 28 31 22 75 20 
0 188

3 386
45 74 43 
1 905
88 
3 373
58 60 22 
5 193
44 70 39 96 89 
2 252
38 62 
4 269
68 32 9 26 
0 984

2 237
82 32 
5 633
62 2 82 81 24 
1 65
9 
3 298
26 39 95 
3 94
93 26 59 
2 290
77 73 
4 758
65 6 16 20 
8 269
1 7 63 4 22 42 55 7 
1 131
31 
9 238
29 10 85 11 38 45 84 94 57 
5 867
99 93 20 47 7 
3 540
37 21 1 
1 227
84 
2 171
77 8 
9 541
50 75 35 19 50 1 59 29 58 
2 697
90 30 
3 953
50 43 43 
1 858
77 
6 215
88 78 8 16 91 96 
3 6
21 16 80 
8 443
3 13 48 32 9 80 6 2 
3 458
79 94 1 
4 177
70 25 63 97 
8 138
75 16 40 49 21 38 18 88 
2 824
1 4 
0 709

3 36
89 12 7 
2 361
60 75 
0 760

7 433
36 32 11 52 63 12 86 
6 979
4 13 37 19 28 87 
7 872
81 30 18 84 16 7 16 
2 251
34 6 
5 877
77 7 91 10 69 
8 748
91 32 41 51 75 9 66 36 
8 757
91 83 68 84 9 32 38 51 
4 968
53 87 19 38 
5 857
20 61 41 99 43 
4 97
32 57 89 57 
8 845
72 36 90 46 6 38 53 35 
3 778
68 85 87 
3 353
98 7 32 
5 403
11 30 78 39 12 
9 556
65 40 30 92 2 35 83 2 52 
5 340
42 54 35 36 46 
7 240
97 54 14 54 74 16 26 
3 476
32 34 87 
5 514
6 8 7 15 20 
0 406

2 213
39 56 
0 4

9 856
78 70 42 60 21 61 99 36 61 
7 14
39 3 97 10 40 41 89 
1 527
32 
4 44
98 76 0 69 
3 625
78 15 31 
4 271
2 79 69 45 
5 767
86 47 78 12 81 
0 46

0 677

9 438
22 31 58 6 25 37 91 51 23 
7 724
30 60 43 18 52 85 32 
7 630
90 6 30 43 42 40 23 
6 596
58 67 96 89 19 6 
7 337
14 64 72 42 57 5 62 
9 218
45 11 38 21 42 87 9 69 91 
0 409

6 285
19 15 16 0 63 50 
6 604
2 62 17 4 40 11 
4 11
42 17 89 57 
8 91
68 8 90 73 87 16 26 22 
3 679
57 97 23 
5 231
92 67 64 64 98 
4 427
60 86 80 80 
7 169
74 94 70 58 49 56 61 
0 740

5 113
80 92 37 43 85 
5 627
49 92 50 85 45 
7 297
24 88 45 86 69 25 99 
7 799
66 86 60 93 61 16 8 
1 839
47 
9 979
10 32 40 78 21 92 35 88 44 
5 62
53 75 2 52 26 
5 64
14 54 99 44 9 
6 461
85 0 14 81 48 78 
7 1
0 82 94 46 95 7 13 
5 178
2 76 26 28 54 
4 721
67 98 41 46 
2 657
9 71 
8 226
89 42 1 89 55 33 3 98 
3 840
97 32 52 
4 344
25 90 40 92 
8 687
8 92 87 13 70 51 74 39 
7 183
59 28 16 57 28 92 29 
5 682
96 53 59 59 16 
0 614

7 631
70 85 42 47 32 63 25 
2 664
15 53 
2 862
68 76 
5 148
21 59 85 86 32 
5 230
82 0 53 39 90 
5 488
35 27 99 24 55 
6 553
24 43 72 47 99 26 
6 190
15 41 17 67 30 86 
3 870
34 53 22 
8 192
39 90 80 72 45 48 18 34 
7 369
45 60 90 65 90 66 18 
0 288

0 64

4 758
69 67 13 27 
1 149
55 
8 6
21 56 51 67 70 61 23 56 
7 706
68 9 65 40 52 24 56 
5 14
15 14 72 54 21 
4 448
33 18 66 53 
5 5
77 41 90 73 59 
3 453
63 66 28 
5 443
5 48 70 91 76 
0 897

6 338
59 12 80 80 39 70 
2 423
49 77 
9 750
1 46 62 93 13 44 37 2 51 
0 138

4 298
39 37 97 40 
4 688
58 49 47 87 
8 391
94 95 14 63 35 86 74 35 
0 502

7 292
93 80 37 94 89 98 36 
9 251
44 29 6 75 30 24 35 35 3 
6 775
71 18 29 74 16 68 
3 947
42 25 52 
7 759
6 16 17 1 28 46 14 
7 978
30 3 54 12 97 1 85 
4 220
8 15 7 33 
1 740
36 
8 619
11 68 91 69 62 49 67 25 
1 598
61 
3 846
22 17 15 
2 265
4 54 
4 670
40 46 81 45 
7 621
84 14 47 69 20 25 9 
3 383
55 41 94 
1 377
98 
7 684
4 54 97 66 21 11 95 
2 882
56 52 
2 52
39 69 
5 774
74 93 78 30 6 
7 765
54 40 39 2 34 78 51 
3 872
64 82 87 
8 716
79 14 57 63 62 41 44 49 
7 453
68 2 92 71 77 82 98 
2 293
54 53 
5 268
24 26 66 86 85 
3 524
58 93 19 
9 833
78 21 38 5 32 82 10 32 17 
3 601
96 45 27 
5 296
24 32 82 78 31 
7 202
26 11 51 33 31 12 86 
1 261
37 
9 769
83 64 2 83 54 85 21 75 50 
4 291
95 42 14 83 
2 498
62 13 
0 348

5 535
46 56 85 41 34 
9 496
69 51 95 29 40 23 98 31 92 
0 294

0 551

6 689
3 50 52 23 50 85 
2 596
49 86 
6 623
26 36 37 93 94 50 
9 719
11 68 47 84 31 49 25 58 13 
6 894
12 29 22 54 17 31 
8 534
95 13 3 42 25 50 46 61 
3 597
63 41 0 
9 413
93 41 12 65 44 65 35 33 84 
5 478
91 86 7 13 97 
4 183
18 63 80 87 
4 772
31 49 15 57 
8 551
44 92 35 51 23 83 32 39 
4 887
23 63 59 60 
3 923
4 74 45 
9 557
14 35 31 97 37 34 33 85 88 
7 714
84 48 37 43 37 24 19 
6 184
1 80 50 0 2 78 
8 51
28 57 66 74 79 30 79 1 
0 586

9 927
15 70 67 77 14 57 66 4 48 
6 176
94 19 49 33 49 68 
4 398
68 72 28 52 
9 155
65 85 20 66 63 6 16 11 94 
8 291
46 85 42 1 54 96 47 47 
0 888

4 737
79 36 74 41 
3 411
9 94 77 
1 603
17 
8 938
34 46 83 24 35 97 59 37 
1 455
82 
9 469
7 89 49 80 22 35 44 74 58 
0 952

4 885
94 89 52 61 
9 42
86 63 15 32 31 69 58 23 90 
8 517
42 59 14 13 46 31 74 39 
0 687

3 680
94 60 33 
1 369
15 
5 425
71 3 0 1 71 
6 349
38 49 93 14 47 51 
5 39
53 89 15 54 67 
9 33
33 42 6 71 15 19 78 10 83 
9 746
44 13 39 68 5 50 84 82 53 
4 299
9 14 60 68 
4 414
10 40 98 33 
3 710
86 84 31 
8 806
52 79 81 86 12 6 33 31 
4 55
7 51 76 68 
6 695
77 55 15 83 26 73 
6 155
73 58 39 93 83 29 
7 892
57 95 23 3 65 38 64 
0 668

8 740
11 17 56 64 1 70 73 38 
8 98
97 68 39 39 4 10 48 28 
1 573
81 
7 81
28 70 6 90 52 44 69 
5 574
50 80 85 72 0 
5 834
36 95 89 88 63 
1 77
91 
0 466

9 174
25 35 72 90 93 22 54 26 92 
8 228
6 26 44 17 56 62 71 71 
5 101
72 81 3 19 13 
1 30
8 
1 356
53 
8 525
75 15 42 23 79 34 52 31 
1 319
68 
0 864

2 299
10 1 
8 819
71 97 90 55 44 78 35 15 
5 975
82 29 0 20 13 
2 697
32 18 
2 569
47 96 
7 363
5 53 91 54 75 41 59 
7 881
12 3 81 99 56 52 79 
8 241
93 86 52 51 49 29 13 70 
4 295
36 7 60 88 
1 677
17 
6 336
25 88 9 89 55 32 
8 722
78 19 2 84 2 32 89 79 
1 236
70 
0 833

4 890
71 22 42 67 
0 740

4 802
24 92 92 11 
7 225
54 49 54 25 71 89 37 
2 969
29 42 
7 595
93 35 8 85 24 14 19 
8 959
33 40 69 6 15 49 83 24 
7 611
52 13 75 88 88 22 80 
1 736
64 
9 401
97 1 88 11 60 40 59 4 23 
1 71
62 
1 851
45 
2 630
65 77 
5 419
79 61 1 75 83 
2 943
42 36 
