53
83 5621
54 20 21 34 46 95 41 12 56 75 48 49 7 90 11 30 65 40 6 19 2 49 82 43 26 73 59 22 78 92 43 32 12 16 66 59 64 59 23 20 86 71 21 94 61 84 76 27 25 83 46 27 32 80 70 59 6 82 33 84 74 28 16 39 97 34 50 61 94 73 81 32 96 54 26 58 39 3 37 64 38 35 43 
24 1167
14 33 73 48 66 9 74 47 25 13 44 12 15 5 58 88 38 90 37 44 69 95 35 24 
86 4199
62 71 95 36 38 61 70 12 9 88 73 83 87 99 49 31 63 64 88 21 5 78 63 42 23 32 89 58 56 25 10 70 96 57 7 34 18 29 98 27 17 72 62 5 23 11 88 38 28 29 59 85 7 22 27 82 7 68 93 63 93 55 34 89 12 93 75 30 22 74 9 91 98 71 96 73 35 37 11 63 66 70 48 73 44 27 
10 6251
95 1 67 88 8 53 29 20 46 4 
4 1620
30 11 11 80 
84 3160
53 69 97 64 32 63 86 32 88 31 59 96 34 6 49 53 46 9 6 75 81 4 32 83 76 14 94 88 95 29 48 48 50 45 13 83 60 51 67 48 34 79 97 69 85 98 74 32 60 33 59 41 37 91 25 14 6 71 54 53 52 2 1 3 99 66 38 11 18 5 59 52 84 8 73 22 59 48 6 19 81 65 60 70 
11 937
36 67 61 42 20 13 96 73 68 95 40 
8 8606
10 64 18 14 0 78 88 22 
39 8888
28 8 21 46 21 43 7 10 80 74 71 22 46 37 19 19 5 66 11 64 25 21 80 95 36 80 73 76 55 63 64 35 23 37 33 44 80 40 55 
14 2314
26 35 12 15 6 84 21 24 95 37 49 69 17 44 
59 9149
70 33 56 85 49 92 8 86 25 53 18 66 60 31 32 38 18 97 54 24 81 27 0 76 16 50 97 33 46 54 34 68 39 91 53 88 35 62 26 12 67 45 30 27 28 15 17 46 12 23 22 93 50 22 21 66 72 19 51 
73 5073
38 39 65 29 93 53 16 7 32 28 74 29 59 53 57 74 22 3 38 46 25 83 96 99 4 15 24 75 66 95 1 4 86 66 85 31 71 53 38 3 82 64 84 93 69 41 19 92 96 9 38 73 92 34 73 96 49 97 24 68 44 25 24 30 43 62 14 14 15 4 70 49 69 
56 7542
38 48 13 30 96 22 20 70 14 55 95 63 56 44 39 76 88 64 53 70 59 15 84 73 30 89 43 32 10 50 74 48 98 40 31 94 14 51 16 29 58 11 44 67 55 83 95 95 99 48 66 58 63 2 83 46 
45 3427
78 53 77 4 54 27 44 37 21 59 40 38 40 99 49 36 18 57 19 13 52 70 62 70 80 25 25 63 23 68 42 1 22 71 6 28 98 2 65 72 61 5 10 53 56 
13 8289
74 20 60 40 25 82 2 95 62 79 72 78 55 
43 372
56 15 44 14 43 94 17 60 18 78 65 80 84 74 92 73 0 64 34 40 89 16 94 37 31 26 9 61 81 2 33 89 17 29 4 60 76 21 72 94 51 90 75 
37 6264
19 9 16 83 95 57 25 63 3 14 46 81 23 7 14 26 41 4 95 22 8 8 98 81 80 93 32 70 20 20 34 39 81 3 74 76 60 
101 2391
15 65 38 49 41 97 63 67 90 67 14 13 27 22 63 60 3 56 45 25 76 65 12 67 46 15 42 74 75 93 65 42 59 55 91 52 5 7 71 95 26 85 60 54 8 24 66 63 80 11 88 9 76 0 28 22 15 22 48 42 16 14 37 27 21 28 31 26 87 2 74 14 87 34 20 47 58 86 10 91 98 99 52 26 51 80 1 19 55 49 61 23 15 50 2 89 31 33 15 18 35 
43 3832
22 76 52 70 86 39 80 29 89 31 81 15 35 14 68 54 69 18 67 92 85 18 94 74 49 27 42 67 62 83 0 36 59 4 6 98 43 39 27 84 22 61 52 
11 4675
20 63 96 90 31 40 76 1 86 50 50 
67 9292
69 79 76 21 15 87 26 74 37 21 65 65 6 39 26 58 49 53 30 12 1 21 95 93 97 96 79 99 98 44 92 68 23 20 89 90 59 67 16 97 89 81 14 95 21 92 5 70 97 35 34 98 8 30 91 57 78 22 57 29 18 1 49 93 21 38 83 
34 9258
0 81 47 33 95 94 6 39 99 76 36 86 63 86 95 93 29 52 23 51 61 52 69 62 1 62 35 92 98 20 50 50 1 49 
85 8197
43 90 36 94 18 25 80 81 11 27 26 41 32 2 44 45 6 14 8 8 28 95 52 26 15 54 76 17 55 12 66 98 54 54 92 72 79 24 6 91 4 32 84 88 86 28 33 93 94 93 53 23 89 57 1 56 11 30 73 66 94 91 16 48 46 60 72 25 36 78 68 92 63 4 80 49 33 66 94 79 11 47 54 52 4 
58 3709
67 38 34 85 32 26 1 80 72 13 4 49 50 83 70 42 98 26 75 99 59 93 94 91 56 41 45 9 98 53 70 65 91 4 3 23 82 4 55 6 70 60 56 20 95 78 14 93 4 41 92 16 86 38 7 43 80 4 
6 7230
58 26 95 49 30 98 
27 1065
55 80 71 25 92 79 97 87 57 63 32 14 5 77 82 91 15 41 86 47 45 90 77 3 16 25 53 
101 4175
30 64 30 10 87 7 55 67 4 94 76 68 27 42 25 56 24 68 71 65 55 71 11 97 0 66 66 25 71 17 1 1 33 83 64 20 91 19 39 47 13 16 67 92 58 44 48 35 13 72 0 20 95 63 17 95 30 83 21 1 52 74 55 85 57 19 6 0 38 45 48 3 13 67 96 72 12 96 7 77 68 59 97 63 23 14 59 5 50 32 58 2 6 13 88 63 84 46 16 22 91 
18 3878
5 83 74 29 47 70 88 24 91 99 73 54 74 40 65 79 42 97 
92 2396
3 3 36 19 88 82 35 62 26 51 40 83 86 66 12 86 89 52 10 80 51 36 34 78 76 52 57 18 49 99 14 5 3 51 76 43 85 11 57 11 14 50 46 52 16 58 38 5 62 1 85 66 37 72 44 13 76 53 83 25 53 49 82 8 52 58 3 38 21 60 1 35 62 48 40 79 58 78 36 73 79 74 39 16 98 35 81 74 88 64 51 93 
68 3334
53 18 92 56 8 66 69 62 53 31 10 93 62 20 72 99 93 51 25 84 20 23 19 1 97 60 18 48 5 84 34 59 54 79 67 63 45 36 77 98 20 87 92 82 59 16 33 5 19 10 89 39 33 61 41 82 21 11 83 78 95 17 37 1 96 57 64 93 
95 7741
92 65 80 36 0 92 4 85 97 23 96 38 63 29 99 56 12 72 67 47 51 14 64 40 15 13 97 32 6 43 25 50 8 58 86 8 50 90 46 99 66 42 37 29 71 37 37 35 61 56 34 12 70 99 53 37 12 50 69 70 45 47 21 54 5 7 14 7 50 60 6 16 54 43 97 78 32 86 13 94 42 48 6 64 99 11 1 63 14 23 33 59 70 54 65 
77 8114
80 82 16 92 88 84 47 83 33 25 16 19 90 62 13 90 20 77 41 32 78 4 98 1 90 9 23 96 75 98 10 7 32 78 99 72 62 98 8 95 75 76 66 66 38 79 8 58 56 50 42 87 6 92 40 96 2 64 93 77 14 55 84 47 34 35 71 48 34 79 96 9 55 62 27 45 94 
38 604
50 38 98 89 44 91 30 93 93 94 38 22 60 93 6 59 79 93 31 80 27 62 76 89 18 90 16 15 84 4 19 35 42 70 24 39 13 6 
34 9458
0 70 80 13 15 38 72 95 31 3 75 59 18 3 0 88 93 68 3 78 73 75 65 67 45 41 6 58 48 38 16 0 8 48 
15 8724
86 86 71 17 41 98 28 59 1 28 47 46 97 51 76 
24 526
93 89 23 35 96 33 35 86 1 35 95 49 1 71 35 39 42 52 80 40 33 92 93 61 
93 9239
10 94 68 84 72 61 26 95 96 22 80 83 60 81 71 55 30 72 26 65 63 20 70 43 60 3 87 5 16 79 97 79 73 65 15 46 26 41 93 75 15 74 58 76 7 81 31 38 53 10 55 16 30 25 12 43 80 51 48 49 30 45 80 56 62 95 54 89 37 99 16 4 25 26 80 33 8 64 71 13 26 26 82 8 4 94 51 36 45 52 37 28 49 
19 6236
12 65 42 53 54 41 21 58 67 47 91 0 7 55 23 21 81 1 3 
91 2657
49 93 94 46 97 31 26 46 1 62 10 66 4 15 72 98 88 30 65 88 21 17 95 28 40 68 61 93 23 3 51 72 96 97 71 45 80 97 43 81 60 54 99 16 21 71 14 10 54 31 50 75 48 45 56 40 66 17 34 89 20 37 62 68 34 33 13 14 82 57 48 94 63 47 11 84 71 77 46 25 9 96 0 9 94 8 50 60 26 36 49 
48 225
63 67 59 48 80 25 31 37 73 25 0 73 88 37 44 66 35 69 75 84 21 36 78 30 86 90 56 74 91 54 51 55 21 10 55 2 88 86 91 61 64 44 34 52 81 78 70 68 
49 597
52 21 34 30 51 72 72 7 47 64 61 98 19 35 61 74 37 1 13 80 62 29 24 49 81 57 79 4 26 79 1 78 0 35 61 51 8 33 10 7 97 23 57 68 58 70 95 47 71 
10 2728
86 37 4 35 70 62 66 74 88 45 
30 3866
97 63 27 48 71 61 10 78 10 34 88 79 92 58 74 92 30 34 20 16 23 24 3 45 38 69 72 26 67 0 
95 6564
63 20 65 87 33 75 17 44 9 5 75 54 64 1 46 46 35 18 62 10 94 17 55 33 86 79 59 5 79 4 22 95 77 87 82 10 62 51 6 24 9 33 30 73 34 76 19 21 46 33 31 40 50 39 25 88 18 37 46 98 41 68 45 18 55 79 81 69 30 39 45 39 73 75 64 7 3 35 81 49 20 12 42 70 51 19 11 22 56 57 20 50 25 17 20 
34 9696
1 1 26 93 99 18 66 74 34 25 78 70 6 79 90 71 21 13 74 93 76 96 49 85 68 99 62 85 20 94 81 73 47 60 
68 5346
30 84 73 64 62 3 86 68 82 77 91 56 42 66 49 70 62 50 55 31 50 17 16 22 11 98 47 10 10 66 57 40 2 82 4 64 85 91 85 67 20 76 75 14 42 24 84 5 75 91 36 77 8 4 51 71 54 50 81 64 16 90 4 71 72 61 35 9 
6 8420
29 76 49 4 42 91 
83 4926
48 8 69 84 37 77 41 40 0 95 90 81 60 59 24 16 30 48 29 65 58 33 38 39 61 87 95 3 30 76 81 79 36 50 15 73 27 56 13 27 52 4 61 12 15 37 28 45 37 10 62 47 43 52 86 5 39 82 60 22 10 42 1 47 92 16 20 72 73 86 51 25 42 64 37 57 1 17 2 39 27 16 38 
25 5269
25 80 60 59 40 82 69 82 83 16 27 0 89 99 25 75 50 50 17 15 39 74 16 8 28 
9 2688
44 46 11 65 23 43 26 82 83 
10 3051
18 44 20 45 96 9 96 21 84 46 
73 4701
61 62 27 30 70 55 89 58 51 87 21 69 10 64 95 44 0 55 96 70 51 16 15 47 77 63 68 61 9 91 14 23 53 41 5 24 48 94 34 51 34 56 20 96 20 67 41 20 75 89 42 26 57 9 74 34 72 94 95 82 86 61 57 91 2 62 15 2 8 50 53 42 58 
28 4939
78 45 32 51 20 21 93 99 78 3 73 12 75 19 59 9 57 20 66 49 74 80 16 76 41 18 81 83 
